  tto cells tempo    evento  kpontuac  idade terapAnt  
  1     1       72      1       60     69      0
  1     1      411      1       70     64      1
  1     1      228      1       60     38      0
  1     1      126      1       60     63      1
  1     1      118      1       70     65      1
  1     1       10      1       20     49      0
  1     1       82      1       40     69      1
  1     1      110      1       80     68      0
  1     1      314      1       50     43      0
  1     1      100      0       70     70      0
  1     1       42      1       60     81      0
  1     1        8      1       40     63      1
  1     1      144      1       30     63      0
  1     1       25      0       80     52      1
  1     1       11      1       70     48      1
  1     2       30      1       60     61      0
  1     2      384      1       60     42      0
  1     2        4      1       40     35      0
  1     2       54      1       80     63      1
  1     2       13      1       60     56      0
  1     2      123      0       40     55      0
  1     2       97      0       60     67      0
  1     2      153      1       60     63      1
  1     2       59      1       30     65      0
  1     2      117      1       80     46      0
  1     2       16      1       30     53      1
  1     2      151      1       50     69      0
  1     2       22      1       60     68      0
  1     2       56      1       80     43      1
  1     2       21      1       40     55      1
  1     2       18      1       20     42      0
  1     2      139      1       80     64      0
  1     2       20      1       30     65      0
  1     2       31      1       75     65      0
  1     2       52      1       70     55      0
  1     2      287      1       60     66      1
  1     2       18      1       30     60      0
  1     2       51      1       60     67      0
  1     2      122      1       80     53      0
  1     2       27      1       60     62      0
  1     2       54      1       70     67      0
  1     2        7      1       50     72      0
  1     2       63      1       50     48      0
  1     2      392      1       40     68      0
  1     2       10      1       40     67      1
  1     3        8      1       20     61      1
  1     3       92      1       70     60      0
  1     3       35      1       40     62      0
  1     3      117      1       80     38      0
  1     3      132      1       80     50      0
  1     3       12      1       50     63      1
  1     3      162      1       80     64      0
  1     3        3      1       30     43      0
  1     3       95      1       80     34      0
  1     4      177      1       50     66      1
  1     4      162      1       80     62      0
  1     4      216      1       50     52      0
  1     4      553      1       70     47      0
  1     4      278      1       60     63      0
  1     4       12      1       40     68      1
  1     4      260      1       80     45      0
  1     4      200      1       80     41      1
  1     4      156      1       70     66      0
  1     4      182      0       90     62      0
  1     4      143      1       90     60      0
  1     4      105      1       80     66      0
  1     4      103      1       80     38      0
  1     4      250      1       70     53      1
  1     4      100      1       60     37      1
  2     1      112      1       80     60      0
  2     1       87      0       80     48      0
  2     1      231      0       50     52      1
  2     1      242      1       50     70      0
  2     1      991      1       70     50      1
  2     1      111      1       70     62      0
  2     1        1      1       20     65      1
  2     1      587      1       60     58      0
  2     1      389      1       90     62      0
  2     1       33      1       30     64      0
  2     1       25      1       20     63      0
  2     1      357      1       70     58      0
  2     1      467      1       90     64      0
  2     1      201      1       80     52      1
  2     1        1      1       50     35      0
  2     1       30      1       70     63      0
  2     1       44      1       60     70      1
  2     1      283      1       90     51      0
  2     1       15      1       50     40      1
  2     2       25      1       30     69      0
  2     2      103      0       70     36      1
  2     2       21      1       20     71      0
  2     2       13      1       30     62      0
  2     2       87      1       60     60      0
  2     2        2      1       40     44      1
  2     2       20      1       30     54      1
  2     2        7      1       20     66      0
  2     2       24      1       60     49      0
  2     2       99      1       70     72      0
  2     2        8      1       80     68      0
  2     2       99      1       85     62      0
  2     2       61      1       70     71      0
  2     2       25      1       70     70      0
  2     2       95      1       70     61      0
  2     2       80      1       50     71      0
  2     2       51      1       30     59      1
  2     2       29      1       40     67      0
  2     3       24      1       40     60      0
  2     3       18      1       40     69      1
  2     3       83      0       99     57      0
  2     3       31      1       80     39      0
  2     3       51      1       60     62      0
  2     3       90      1       60     50      1
  2     3       52      1       60     43      0
  2     3       73      1       60     70      0
  2     3        8      1       50     66      0
  2     3       36      1       70     61      0
  2     3       48      1       10     81      0
  2     3        7      1       40     58      0
  2     3      140      1       70     63      0
  2     3      186      1       90     60      0
  2     3       84      1       80     62      1
  2     3       19      1       50     42      0
  2     3       45      1       40     69      0
  2     3       80      1       40     63      0
  2     4       52      1       60     45      0
  2     4      164      1       70     68      1
  2     4       19      1       30     39      1
  2     4       53      1       60     66      0
  2     4       15      1       30     63      0
  2     4       43      1       60     49      1
  2     4      340      1       80     64      1
  2     4      133      1       75     65      0
  2     4      111      1       60     64      0
  2     4      231      1       70     67      1
  2     4      378      1       80     65      0
  2     4       49      1       30     37      0